8.91
8.28
8.58
8.69
8.83
8.58
9.15
9.31
8.66
8.44
8.47
8.039437
8.188499
7.969875
7.95
7.27425
7.542562
8.834437
9.559875
9.50025
10.444312
10.841812
10.096499
9.331312
9.351187
9.987187
9.848063
9.400875
8.417063
8.576062
8.695312
9.400875
9.599625
9.551489
9.064665
8.977036
8.957563
9.794901
10.495927
10.700394
10.671185
11.372211
12.618481
12.998203
12.530852
12.482169
13.572656
13.095568
13.076096
13.251351
13.69923
13.796606
15.037623
15.115187
15.231531
14.921278
14.921278
15.163664
15.541786
14.756455
15.570871
15.396354
16.695541
16.918539
17.369888
16.741945
16.925499
16.08502
16.08502
16.539072
16.22027
16.22027
15.717915
15.969092
16.181627
15.978753
15.515039
15.038483
15.375237
14.7787
14.567027
14.624756
14.172543
14.740214
14.355352
15.033671
15.052653
15.375346
14.967236
14.663525
13.3253
13.809339
12.936171
13.3253
14.160503
14.42625
14.169995
13.72392
14.748943
14.511669
14.065594
13.799848
14.151012
14.554569
13.90245
12.995152
13.533859
13.647271
14.157626
14.535667
14.271039
14.148176
14.176529
14.072568
13.845743
13.760684
14.262224
14.017621
13.64131
13.415523
14.215185
13.961175
15.071296
15.250043
15.409975
15.541686
15.60754
15.391161
16.435816
16.285887
15.73303
15.611213
14.730389
15.292617
14.505496
14.627313
14.486756
15.73303
15.92981
16.079737
15.776095
16.691589
16.552879
16.58987
17.560848
17.440632
16.663849
16.673096
15.766848
15.239745
16.155239
16.441912
15.498673
14.934581
15.221251
15.077623
16.026306
16.486832
16.440781
16.099991
15.786833
16.072359
16.315784
15.713066
14.83021
15.237683
15.297101
15.178257
14.77822
16.630791
16.453146
15.657982
14.854354
14.482149
14.820523
15.657982
16.224747
16.23321
16.377014
16.943779
16.478525
15.708737
15.275217
14.870572
15.595557
14.634536
14.971733
15.106619
16.210949
16.059208
15.334231
15.865317
16.55965
15.717489
15.742504
15.925948
15.809206
16.084368
14.875337
13.966472
14.233294
13.758013
13.457844
13.199355
13.574577
12.490609
12.115396
12.705123
12.38957
12.381272
12.273316
12.040809
11.517652
11.97437
12.298228
10.936373
9.657552
9.848551
10.022928
9.56621
8.810221
8.719397
8.18269
8.455173
8.479944
8.504715
10.412081
10.486394
9.850603
8.843252
9.437753
9.214812
10.643273
11.097415
11.943941
11.228779
11.179458
11.426064
12.453586
13.004346
13.283829
12.453586
13.283829
12.872819
12.879375
12.03483
12.262205
11.442022
11.328325
10.045261
9.314404
8.92461
9.200717
8.567301
9.736677
9.631113
7.81208
8.542938
9.290043
9.60306
10.596478
9.43345
9.10231
8.197731
7.898892
7.333533
8.399641
7.357762
8.561181
8.238111
7.987741
9.77266
10.017079
11.695957
12.531387
11.655795
12.692045
13.728294
12.314496
13.310583
13.495339
14.049617
14.563725
14.282572
14.298635
14.499454
15.24914
15.777461
15.753448
15.545323
15.033017
14.944959
14.75285
15.529308
16.385826
16.36982
16.996838
16.035799
15.797532
14.844439
15.352754
15.702223
13.708662
13.120928
13.208293
12.898535
13.803973
13.55776
12.954135
14.026366
14.353989
14.931639
13.966261
14.156171
14.417298
14.987024
15.113633
15.675444
15.176934
15.540925
16.04735
15.034502
15.659619
15.596318
16.527683
16.464563
14.894634
13.648155
14.515962
12.733023
13.521935
14.63429
13.482483
12.977581
13.900606
13.521935
14.310837
13.063262
16.059711
17.695566
18.018019
17.302332
17.341652
17.184361
17.034927
16.759665
16.31138
15.076618
15.127163
13.053338
13.389851
13.389851
13.382022
15.886261
16.105377
13.77331
13.9533
13.624616
14.68892
15.737567
15.354109
15.862782
16.757097
17.568424
16.304619
18.239334
18.964849
18.762016
17.755655
17.825867
19.167681
19.159876
18.301743
19.23789
18.309546
18.762016
18.83223
16.023779
16.257811
15.992572
14.541534
14.822382
14.011056
14.120272
15.033018
14.533738
15.064225
13.956444
12.372787
13.855024
12.723846
10.874951
10.391272
8.503364
8.503364
7.715442
4.384302
3.448152
2.738237
4.009847
4.31409
4.54813
4.906993
4.454514
2.394982
5.655911
8.386345
7.348783
6.701276
6.896313
7.153747
7.013324
8.776407
6.381425
7.247363
9.712558
8.370745
9.829577
11.826701
11.857909
19.276896
23.263338
25.354078
19.643555
18.309546
20.049227
19.214489
19.739082
21.549938
20.497992
21.189266
19.183048
16.290192
17.34214
17.725353
18.228785
18.83741
19.859306
22.489178
23.165434
24.435286
26.39642
28.440205
28.440205
29.642439
26.569239
29.424536
26.712008
26.418961
26.246143
25.735195
26.890814
27.749714
24.421463
24.614717
27.356052
27.427624
24.943968
26.225164
27.334578
28.809025
28.987967
30.476728
32.931759
33.182274
30.10454
30.090219
28.529886
32.08717
35.071857
34.255901
37.755928
38.679249
34.799873
36.753876
34.46347
34.105591
35.501312
34.828506
36.25285
36.772774
38.430851
38.592445
41.191971
41.627563
40.608833
39.196655
40.074879
41.536232
40.264572
40.608833
40.292671
40.643959
40.074879
41.058483
40.861763
42.154499
42.147472
40.875813
40.004616
41.754028
37.587765
40.117035
38.098328
42.653194
41.942989
41.191814
41.062061
40.365517
40.563557
40.966461
39.77824
39.703117
39.129494
39.047546
39.77824
36.800842
36.705238
36.910107
37.251553
36.520859
36.841816
36.889622
37.053516
35.967724
34.670235
34.519997
35.161911
33.884911
35.107281
33.775646
33.802967
32.523956
32.537403
31.95277
30.057787
29.305164
31.280794
30.763367
29.500038
30.10482
30.219053
31.818375
30.676004
31.106071
32.570995
34.237518
33.498333
32.624752
32.134209
32.658356
31.448786
31.979654
31.972931
30.749929
30.884325
30.634222
29.829092
29.475618
28.389023
28.415207
27.511892
28.788313
29.148329
27.544617
27.957005
27.799906
27.629715
27.230417
27.204239
27.564257
27.191141
26.739487
25.535067
25.057224
25.77071
26.150368
26.693665
26.693665
26.962042
27.721355
27.034052
26.189644
26.477657
27.233644
26.563591
25.455435
25.552078
26.299437
25.281479
25.848442
26.260778
25.56496
24.920681
24.443914
24.804712
25.861328
25.77113
27.008141
26.737549
27.555777
27.214315
27.046795
26.698891
26.615131
27.291622
28.367573
28.792791
28.567297
29.358084
28.75535
28.441427
27.505939
27.719402
28.045889
28.033327
28.680008
28.221682
27.844978
26.997385
27.204569
25.948883
26.658346
26.620674
26.225136
24.774805
24.881544
25.220579
25.735413
24.925489
24.561342
24.266253
24.278807
23.763973
23.544228
23.362154
23.554184
23.127726
20.902719
20.680218
20.859453
21.323
21.304459
21.625849
22.429317
22.713631
22.330433
21.97196
22.63946
21.792725
22.250082
22.608561
22.74453
22.114111
22.392239
22.373699
21.817442
22.089388
22.015221
23.115368
22.775431
23.233477
22.878353
22.998734
22.101896
22.64963
23.389971
23.070961
22.071806
21.445822
21.253214
20.356379
20.946239
21.427765
20.06144
19.88689
20.434622
20.765673
20.940226
20.982353
20.952261
20.555
19.008112
19.76651
18.845596
18.033026
17.804304
18.087198
18.959961
18.478554
17.624327
18.330246
17.464159
17.701441
17.826017
17.784496
18.478554
18.306522
17.416704
17.114164
16.01672
16.615868
15.898079
16.651461
16.022655
15.731982
15.36419
14.859961
13.940483
14.919277
13.240491
13.04473
13.649805
13.857057
13.845626
13.273965
13.725576
13.193933
13.519782
14.57735
14.691687
13.765594
13.777026
13.491195
14.748849
16.778246
16.863995
15.852154
16.292334
15.892172
16.120834
16.378084
15.549173
13.925657
13.611245
14.463018
15.520592
15.720672
16.520996
16.806826
16.023653
15.888928
15.551462
16.063282
16.198269
16.215143
18.110565
18.959846
18.560518
18.622385
18.897978
20.05098
20.590927
20.697786
20.332201
20.493904
20.039734
19.087801
18.068378
17.716858
17.351271
17.969952
18.068378
18.061348
17.393452
16.699558
16.967577
17.221851
17.469248
17.900831
17.661671
18.364016
18.692514
18.479469
17.731773
16.974449
17.187487
16.960705
17.043173
17.592953
17.318064
16.85075
16.837006
16.493393
16.184143
16.349072
15.222025
12.232598
15.118941
17.180614
18.280176
17.826607
17.352615
17.053669
15.62687
16.455774
16.213896
16.170408
17.053669
17.121614
16.917786
16.849842
16.241072
17.175964
16.849842
18.072813
17.325441
17.563244
18.27664
17.121614
16.374243
17.094437
15.117296
15.397218
17.196352
17.393385
17.719507
17.708277
17.621603
17.348244
17.201563
16.768188
16.66818
17.618269
17.168228
16.809862
16.268147
15.701429
15.601421
14.401308
15.034698
15.251388
15.768098
14.876355
14.534656
14.251298
14.534656
14.743007
14.009607
13.451224
13.2012
13.467892
13.884598
14.667998
12.927036
12.894145
12.129375
12.515868
12.762568
12.121152
13.157285
12.811911
14.028956
14.144087
14.242766
13.683578
12.630999
12.951704
13.288861
14.473015
13.486218
13.946723
13.584898
14.473015
13.683578
12.367853
13.552007
12.729677
12.56521
13.904881
11.710644
11.702606
12.860006
12.482245
13.390487
13.310112
14.805087
14.17012
14.146008
14.21031
14.66041
15.882111
15.496312
15.689211
15.560609
15.367709
15.166773
15.046213
15.882111
15.303408
14.596107
13.760211
14.981912
15.01406
15.303408
15.126582
15.014149
14.759671
15.141384
14.187096
14.696051
14.632435
15.268626
15.364055
16.095678
14.982341
15.523103
15.523103
15.523103
14.791478
15.077769
15.904817
16.413771
15.713961
15.888913
15.650339
14.306386
14.696051
15.141384
14.385909
13.741762
13.495151
12.74542
11.745783
11.089767
11.495872
11.121004
12.042549
11.245961
11.121004
10.621183
10.441561
10.871093
11.527109
11.083317
9.974981
10.467574
10.806231
10.467574
9.482394
8.374059
7.45045
8.681931
9.236099
9.851836
9.605539
11.452759
12.437943
12.287852
13.352394
13.869456
14.310478
15.633552
14.325691
14.051948
14.021534
13.99112
13.382808
13.291562
13.154691
13.626132
13.747796
14.234446
14.477763
14.356104
14.751507
15.086077
14.295272
14.569016
15.329401
14.538595
14.097573
14.477763
14.569107
14.74972
15.351748
14.448705
13.425252
13.786472
12.76302
13.18444
12.76302
12.943633
13.003832
12.401804
11.769672
12.010484
12.010484
12.522208
12.160993
12.401804
12.943633
12.808174
13.365052
12.770545
11.965335
11.257949
11.318153
10.987038
10.746225
10.76645
10.647487
10.171621
9.844463
10.141881
9.844463
10.112137
9.74037
9.219889
9.695754
9.115795
9.338859
9.577868
9.858703
9.592652
8.764932
8.454536
7.804188
7.99634
7.951996
7.804188
7.804188
8.365853
8.484102
8.572785
8.447455
9.214087
8.794609
8.635496
8.64996
8.635496
8.447455
7.897793
7.926721
7.839932
7.811005
7.753144
8.085833
7.86886
7.492774
7.319197
7.377058
7.391521
7.420454
7.015435
7.029904
6.769534
6.928647
6.914183
6.653818
6.653818
6.711679
6.624885
6.268126
5.869246
5.698298
5.58433
5.669804
5.641314
5.413382
5.58433
5.498856
5.370642
5.370642
5.441872
5.427627
5.270924
5.099976
5.099976
5.242434
5.071486
5.042992
5.15696
5.213939
4.914783
5.128466
5.371642
5.469562
5.651412
5.343662
5.371642
5.273718
5.301699
5.189787
5.357654
5.063892
5.091867
5.343662
5.25973
5.455574
5.553493
5.455574
5.371642
5.301699
5.189787
5.301699
5.301699
5.301699
5.245742
5.371642
5.287711
5.245742
5.063892
5.007936
4.896029
4.949417
5.169391
5.141896
4.949417
5.004412
5.059407
4.784437
4.949417
4.756942
4.784437
4.85318
4.729443
4.509468
4.619458
4.509468
4.633205
4.591962
4.701948
4.674453
4.536968
4.289499
4.217441
4.190665
4.244216
4.31116
4.150496
4.163885
4.003221
4.016609
3.909502
4.043389
4.123721
4.096941
4.070165
4.043389
3.989833
4.096941
3.963058
4.123721
4.257609
4.110333
4.070165
4.016609
3.922889
3.762226
3.882721
3.842558
3.936277
3.949665
3.896114
3.883684
3.778366
3.63355
3.71254
3.580889
3.580889
3.63355
3.370248
3.42291
3.409745
3.607222
3.475571
3.317587
3.278094
3.475571
3.396581
3.238597
3.291259
3.317587
3.304423
3.304423
3.238597
3.42291
3.407743
3.278661
3.201213
3.407743
3.511006
3.536825
3.782077
3.898252
3.885339
3.717536
3.846618
3.898252
3.898252
3.74335
3.820803
3.704629
3.433558
3.459373
3.523913
3.407743
3.485192
3.511006
3.614273
3.562639
3.291569
3.123765
3.278661
3.304476
3.136672
3.227028
3.14958
2.984055
2.996757
2.958661
2.907867
2.945963
2.945963
2.907867
2.818982
2.89517
2.89517
2.818982
2.768188
2.869775
2.692
2.679302
2.768188
2.806284
2.603114
2.514224
2.565018
2.48883
2.628509
2.419433
2.469316
2.506731
2.581558
2.519202
2.544147
2.556617
2.494261
2.282249
2.29472
2.319661
2.394488
2.319661
2.419433
2.444375
2.244833
2.170006
2.29472
2.194947
2.194947
2.219892
2.182477
2.319661
2.444375
2.594029
2.431904
2.444375
2.419433
2.382018
2.369547
2.332131
2.376891
2.376891
2.292861
2.42491
2.400903
2.352884
2.508945
2.460925
2.484933
2.592975
2.640994
2.809055
2.640994
2.592975
2.448922
2.436914
2.34088
2.268853
2.004754
2.20883
2.244841
2.268853
2.390466
2.367482
2.52838
2.516885
2.574348
2.516885
2.539872
2.666291
2.424945
2.459421
2.52838
2.436437
2.333002
2.298527
2.344498
2.505393
2.666291
2.597336
2.735246
2.677783
2.735246
2.884649
2.942112
2.9651
2.942112
2.9651
2.942112
2.988084
2.942112
2.896141
2.79043
2.767924
2.85794
2.902948
2.644156
2.610403
2.565395
2.565395
2.610403
2.632905
2.79043
2.72292
2.700414
2.835434
2.812932
2.745422
2.902948
2.947952
2.936701
2.835434
2.85794
3.139231
3.127535
2.821343
2.591698
2.711988
2.690115
2.515148
2.449536
2.427666
2.340181
2.405797
2.471409
2.449536
2.547956
2.624503
2.558891
2.624503
2.438601
2.362054
2.296442
2.405797
2.471409
2.493279
2.515148
2.033989
1.968377
2.154279
2.318311
2.362054
2.263634
2.416957
2.31095
2.342754
2.427557
2.533565
2.459361
2.374554
2.353354
2.353354
2.28975
2.353354
2.317008
2.264004
2.264004
2.195859
2.150426
1.991415
2.150426
2.317008
2.301862
2.347296
2.256433
2.256433
2.244007
2.27334
2.229338
2.200005
2.229338
2.310005
2.126674
2.134007
2.148671
2.207341
2.170672
2.104674
2.090005
1.980005
2.009338
1.921339
1.936004
1.914007
1.767338
1.686671
1.796671
1.83334
1.958005
2.031339
2.016671
1.950672
1.994674
2.002006
2.031339
1.936004
1.915483
1.908334
1.894041
1.801124
1.772535
1.72965
1.608148
1.658179
1.579559
1.658179
1.658179
1.693915
1.793978
1.801124
1.7368
1.72965
1.715357
1.658179
1.743946
1.701061
1.72965
1.701061
1.722504
1.749942
1.71536
1.784528
1.839862
1.770693
1.812195
1.701528
1.673858
1.639275
1.618524
1.646191
1.680777
1.646191
1.708444
1.708444
1.660026
1.604693
1.625444
1.666942
1.646191
1.646191
1.583942
1.549356
1.487106
1.48019
1.482292
1.448292
1.468691
1.50949
1.529889
1.529889
1.557086
1.577485
1.502691
1.536687
1.523087
1.577485
1.604683
1.611482
1.577485
1.563885
1.625082
1.557086
1.591083
1.570683
1.808667
1.78147
1.754272
1.951458
1.958256
1.937857
1.971857
1.985454
1.809664
1.723806
1.730409
1.770038
1.816267
1.875711
1.902129
1.849293
1.783246
1.756828
1.684177
1.717199
1.611526
1.664362
1.664362
1.703991
1.664362
1.796456
1.690781
2.060641
2.166314
2.100267
2.106874
2.087059
1.994594
1.941758
1.941758
1.875711
1.940859
1.889103
2.050842
2.109066
2.134947
2.031433
1.966737
1.966737
1.93439
1.966737
1.824407
1.798529
1.908512
1.950564
1.837348
1.766183
1.720896
1.695018
1.707955
1.707955
1.720896
1.720896
1.720896
1.707955
1.662671
1.81147
1.759714
1.720896
1.733836
1.695018
1.695018
1.57533
1.604444
1.533279
1.475055
1.468583
1.436237
1.436237
1.39095
1.449174
1.449174
1.410359
1.371541
1.397418
1.39095
1.40389
1.410359
1.51387
1.539748
