38.040001
37.178608
38.047131
37.119392
36.724609
36.685131
37.681957
38.145828
35.402088
35.145481
34.790176
33.858177
31.863659
31.503674
30.997746
29.684282
30.48209
29.849682
30.306961
30.17075
31.659344
31.883118
30.268044
29.498835
30.197769
31.911594
32.227551
30.561598
28.340328
29.604155
29.881811
31.241385
31.346703
30.925425
29.856056
29.856056
29.614832
30.923008
32.843517
32.054901
32.129124
33.539356
36.619595
37.44532
36.443314
35.135139
36.98143
37.222652
37.398933
36.10931
36.98143
36.248478
37.027817
36.984886
37.168118
35.674797
34.868587
34.932716
35.839703
34.520451
36.554298
37.122311
40.090626
41.214348
40.833824
39.927814
41.051266
39.746613
40.933487
42.129417
42.374039
42.990128
42.745502
43.035427
43.588093
43.760204
44.360886
44.136749
42.774006
40.218864
40.066452
38.68578
38.658882
39.05336
37.251308
38.380955
39.110954
40.916615
40.434521
41.267231
40.075142
41.048096
39.654408
39.952427
41.258461
42.091171
41.670437
41.53019
43.896832
43.607574
43.388443
44.063374
43.905598
44.720772
44.40522
43.557156
43.183979
43.748081
46.056549
46.820255
46.316902
46.872322
46.915718
46.264835
46.27383
45.560207
45.46563
45.414043
43.943806
43.50531
44.769199
43.80624
44.528461
44.923962
45.104519
45.328064
44.631634
45.315472
42.862766
43.492973
43.305614
44.421257
43.986923
43.280064
43.322647
42.445465
42.47953
43.67643
44.127823
45.415131
44.679523
43.26683
43.041138
44.470547
46.518532
46.777664
45.214508
45.774567
44.746395
44.353519
45.331535
46.894691
46.836178
46.476734
46.760944
46.15073
46.225964
45.738819
45.854801
45.366013
45.390869
45.680824
46.302166
45.829948
43.427437
45.10091
45.439747
45.357655
47.590649
46.498779
46.277119
45.045692
44.02771
42.607464
42.180565
43.765007
45.127789
45.037483
45.439747
47.018803
46.563019
45.350315
44.162025
42.249371
43.193489
42.753983
43.413242
43.510906
43.652679
43.916805
43.884792
44.156918
45.277451
45.42952
45.48555
45.085358
44.260967
43.708706
42.964352
42.051922
42.147964
41.643726
41.363594
40.923386
40.203045
38.218105
38.346165
39.938923
39.442684
38.937782
38.002007
38.279568
36.844181
37.756168
37.605492
35.765659
34.599907
34.93298
35.496029
34.93346
34.289745
33.065109
32.743252
34.234791
34.454597
34.643005
34.454597
33.818733
32.444942
30.372484
31.581419
31.683472
34.371403
34.868641
35.412491
34.72102
33.37693
34.060631
34.487942
34.495712
35.637798
33.443214
34.468235
34.881298
35.041939
33.611496
33.917477
32.578827
32.433491
29.526714
29.304884
29.144243
29.457869
28.4252
30.230461
30.268707
27.476671
28.698248
30.405939
32.771011
34.304913
31.214447
31.456244
29.672993
28.743586
29.106281
31.47891
30.262371
32.04562
31.327787
31.55447
33.303795
34.470776
36.557873
37.328381
36.228725
37.276016
37.784695
36.086594
36.662601
37.36578
38.398109
38.682373
38.607567
38.964054
39.334858
40.395359
40.313782
39.557339
40.306362
38.964054
38.59325
37.510506
39.017281
39.185902
41.986462
42.968861
41.96447
41.605236
39.699093
40.747471
41.172688
38.782677
37.419052
37.734299
37.397057
38.562737
38.548077
37.235767
38.614056
39.777313
40.417591
37.914684
37.987442
38.038376
38.169342
37.703686
38.278481
38.293034
37.005199
36.874233
36.066608
35.870159
36.748047
38.321934
36.878002
36.091061
34.379997
34.343903
32.993828
34.96479
34.690445
34.148972
32.70504
32.74836
33.029922
33.892826
33.484825
36.426735
37.672218
38.373695
38.022957
36.977898
36.56274
36.627159
36.772511
38.020241
38.934765
37.77211
36.162827
36.425133
37.935165
37.956436
40.799267
41.827225
40.47316
40.707108
39.225433
40.820538
42.479446
41.444401
43.181293
43.747383
39.943264
39.020412
40.302544
40.225052
40.380035
38.752716
39.760101
41.936905
38.590687
38.175053
38.731583
38.492062
37.84494
38.809944
35.453411
33.306625
31.215782
28.327763
28.838238
29.691357
30.355671
31.670315
29.439615
31.78919
29.698351
28.134577
30.629271
24.877621
24.399469
25.099371
24.267807
22.59775
19.659557
18.176601
17.685278
17.35853
23.689287
23.464649
25.915264
27.909792
26.439423
24.267906
27.19503
32.457047
33.743618
31.517643
31.007099
37.297012
36.28273
37.011108
31.898851
35.192165
39.708271
39.474102
36.804581
46.285061
45.82341
54.440811
54.527786
54.695049
52.741417
50.781094
52.661129
51.276192
52.861275
54.554104
54.884735
54.322662
52.206623
48.649036
50.22945
50.619598
52.219849
53.191906
54.461529
55.68486
55.612122
57.006947
55.011177
57.366837
56.130116
55.521568
54.926113
55.456135
53.107021
52.609715
49.156796
48.652462
48.039597
48.026833
46.143547
45.607296
49.265324
48.326874
47.579948
50.797485
51.869995
53.55537
54.034172
53.829884
55.489723
54.583195
54.098011
55.180389
55.572235
59.869873
60.577717
59.345306
61.222363
62.38525
58.523697
58.498417
56.823608
56.26112
57.076405
57.632572
56.867847
56.451141
57.22736
55.681179
57.696846
58.31031
58.160076
57.446453
57.765705
57.940979
57.922199
58.34161
58.141293
58.279011
59.067963
58.460037
57.616386
57.945164
56.94643
55.631325
54.471306
54.824894
52.115669
53.586113
52.419479
53.92638
54.406403
54.333485
56.211037
55.560883
56.077362
54.904652
55.566956
55.688484
55.232769
55.542656
54.80743
56.350788
57.10424
57.017967
58.567142
58.36219
57.41581
57.174694
57.23497
56.469429
55.173428
54.751476
54.245129
53.871403
54.914227
54.034153
54.486248
53.859108
54.175968
54.319447
52.49604
51.993862
52.998226
52.818874
51.521568
52.059624
51.300369
52.32267
52.603653
53.135727
53.23156
53.551731
51.393536
50.96664
50.29665
50.136562
49.674095
49.863823
50.44772
50.080891
49.807224
49.778111
48.607754
47.93232
48.101181
48.57864
48.211811
49.33559
48.927998
46.855125
47.379169
47.390812
46.82019
47.315117
47.128792
47.08773
46.654781
45.72538
45.136566
44.894112
45.673428
46.071739
46.891464
46.672096
46.949188
47.312866
47.076187
46.314194
47.030006
47.524895
46.99258
46.357235
46.666321
46.093937
45.533009
45.618862
46.431648
45.962292
45.773407
45.332668
45.452873
45.590244
45.163551
46.105408
45.418877
44.9366
44.732342
45.078445
44.607521
44.766388
45.600437
45.663319
46.10416
47.789398
47.627571
47.415524
46.73473
45.903271
45.440105
45.925591
46.243668
47.510384
47.432262
46.656605
46.706825
48.152119
47.264851
47.046112
48.629822
47.245461
44.869896
44.593025
44.692699
44.720387
44.581951
44.122341
44.188793
43.684883
43.402473
42.970554
42.034729
41.557549
41.623428
40.536453
40.41568
40.470577
40.805454
40.618801
40.849373
40.558411
41.749695
41.228165
40.640759
38.889523
38.524868
39.286339
39.21563
40.41766
40.172905
40.901737
40.792957
39.977097
40.874542
41.015362
41.95763
43.767208
43.317493
43.387089
42.177132
41.545387
42.236027
41.598923
43.188999
42.455532
42.053997
41.491848
41.031422
40.314018
40.726257
39.740879
40.192356
40.213604
39.873665
37.913712
37.568462
37.626888
37.07449
35.587261
35.188896
34.434658
34.312492
34.163769
33.866325
34.033741
32.292431
31.990049
31.724159
31.776295
31.53126
30.75445
30.806583
31.81279
31.536474
31.708519
30.900427
30.196604
30.107975
29.925503
29.086128
26.875603
27.855742
27.605494
27.584639
26.771332
28.220688
26.741289
26.741289
27.048777
27.255447
26.937878
26.48925
27.068939
26.942921
28.067011
28.540844
28.616455
27.371386
28.187988
27.925871
29.181021
29.785915
29.115492
29.337286
28.525723
28.152704
28.213194
28.253519
27.623423
25.425648
26.212008
27.270569
27.673832
27.850258
28.813046
29.024759
29.444767
29.017303
27.458313
27.840519
28.036648
28.368563
29.469912
29.268753
28.614985
29.057533
30.626581
31.3759
31.310524
32.190601
31.214973
31.184799
30.22426
29.801825
28.212664
29.218462
29.308985
29.479969
29.757513
29.404947
27.862474
27.289553
28.033859
27.833092
27.617636
27.803711
27.789022
28.131794
30.173735
29.331497
28.890789
29.659578
30.751551
29.478399
30.066008
29.439224
28.699816
27.862474
28.131794
26.202477
26.839054
26.932091
26.295515
21.91293
27.299347
29.106245
29.693855
28.8613
28.962332
28.664049
27.54789
27.543081
27.793253
27.798063
28.818001
29.169205
29.034496
30.732786
30.165085
31.151344
30.978148
30.708731
30.482613
31.752722
31.016636
30.006321
28.389818
28.697725
27.97126
28.385008
31.464956
30.864279
34.96106
36.063858
35.923077
36.2328
37.405987
36.077934
34.609104
35.101845
34.538712
34.374466
32.910324
34.754578
32.239258
32.520828
34.233681
34.937595
35.106537
32.849319
32.713226
32.375347
33.844185
33.506306
32.49736
33.347923
34.755753
34.931732
34.139828
33.553234
33.487976
32.328217
30.907516
30.501602
29.776752
27.051325
26.877361
26.152514
27.689192
27.138308
26.906355
25.485653
25.282696
25.891569
25.775593
26.529434
26.558428
25.746599
26.674404
28.26907
28.41404
26.210501
27.0947
25.901852
26.242666
26.35627
25.390631
26.129061
27.265106
26.867491
29.025978
29.963217
32.434116
31.55368
31.014059
31.638885
30.502838
30.78685
29.991617
29.167984
28.173944
27.975136
26.10066
24.510195
26.725485
26.271067
26.35627
27.321909
28.514757
28.060339
27.776327
28.741966
27.213305
26.539986
27.044975
25.838612
27.858568
