2.76
2.62
2.66
2.87
2.95
3
3.17
3.31
3.09
2.95
2.93
2.845765
2.816224
2.875306
2.973776
2.698061
2.924541
3.279031
3.751684
3.800918
4.096326
4.24403
4.047092
3.771378
3.771378
3.928929
3.948623
3.869847
3.692602
3.787255
3.739436
3.911584
3.949839
4.055041
3.854202
3.433395
3.299503
3.462087
3.643799
3.710745
3.615107
3.90202
4.169806
4.275008
4.074169
4.112424
4.341954
4.25588
4.208061
4.227189
4.294135
4.380209
4.619304
4.533229
4.590612
4.552357
4.399337
4.380209
4.533229
4.437592
4.60974
4.552357
4.858398
4.870478
4.984186
5.022089
5.211601
5.003138
5.12632
5.230553
5.221077
5.164223
5.088418
5.135797
5.19265
5.334785
5.12632
4.813624
4.624112
4.51988
4.425123
4.481977
4.447773
4.550991
4.429006
4.579142
4.541607
4.532224
4.316404
4.297637
4.11935
4.213185
4.231953
4.156884
4.363321
4.447773
4.447773
4.391471
4.701127
4.68236
4.569758
4.485307
4.52284
4.616675
4.635442
4.475923
4.429006
4.672976
4.757428
4.738661
4.607292
4.607292
4.813729
4.813729
4.663593
4.626059
4.68236
4.851263
4.766811
4.748044
4.992015
4.851263
4.926331
4.982631
5.114
4.935714
4.841879
4.701127
4.89818
5.189068
4.748044
4.71051
4.597908
4.832496
4.701127
4.794962
4.945097
5.179685
5.245369
5.095233
5.132767
5.132767
5.14215
5.020165
5.207835
5.235985
4.973248
4.926331
4.813729
4.635442
4.823112
4.785578
4.560375
4.654209
4.626059
4.68236
4.982631
4.719894
4.644825
4.607292
4.532224
4.579142
4.579142
4.429006
4.203802
4.382088
4.46654
4.382088
4.231953
3.969215
3.969215
3.847229
3.65956
3.603259
3.546958
3.612642
3.650176
3.500041
3.47189
3.612642
3.406206
3.181002
3.077784
2.702444
2.796279
2.730595
2.815046
2.786896
2.843196
2.82443
2.965182
3.152851
3.152851
3.143468
3.0684
3.190386
3.209152
3.28422
3.049633
2.927648
2.937031
2.833813
2.908881
2.796279
2.777512
2.608609
2.561692
2.580459
2.402173
2.402173
2.355255
2.252037
2.336488
2.402173
2.392789
2.195736
1.932998
1.989299
1.989299
1.820396
1.773479
1.782862
1.707795
1.745329
1.726562
1.801629
1.811013
1.801629
1.623343
1.473207
1.501358
1.510741
1.839163
1.914231
1.867314
1.773479
1.792246
1.811013
1.989299
2.101901
2.205119
1.989299
2.101901
2.083134
2.092518
1.998683
2.008066
1.886081
1.85793
1.64211
1.529508
1.473207
1.45444
1.407523
1.538892
1.42629
1.313688
1.482591
1.717178
1.717178
2.083134
1.914231
1.951765
1.989299
1.961149
1.942382
2.092518
1.820396
1.970532
1.811013
1.726562
2.01745
2.07375
2.608609
2.833813
2.655527
2.768129
3.049633
2.561692
2.890114
2.85258
2.974565
3.209152
3.124701
3.265453
3.237303
3.706477
3.678327
3.640793
3.734628
3.640793
3.575108
3.584492
3.65956
3.753395
3.800312
4.166268
3.987982
3.847229
3.631409
4.044282
4.156884
3.856613
3.856613
3.922297
3.856613
4.072433
3.941064
3.622026
4.006749
4.175652
4.260103
4.109967
4.194418
4.166268
4.344554
4.344554
4.513457
4.391471
4.363321
4.25072
3.987982
4.053666
4.128734
4.550991
4.034899
3.706477
3.378055
3.537574
3.105934
3.115317
3.162235
2.965182
2.965182
3.087167
3.04025
3.152851
3.002716
3.819079
4.025516
3.772161
3.734628
3.678327
3.584492
3.490657
3.321754
3.134084
3.049633
2.965182
2.82443
2.955798
3.059017
3.190386
3.518807
3.490657
3.0684
3.030866
3.152851
3.444678
3.53214
3.841623
3.908902
4.00982
3.7878
3.747433
4.238569
4.117466
4.063643
4.097283
4.467317
4.924813
4.729704
4.595147
4.884446
4.581691
4.527868
4.790256
3.814712
3.458134
3.020821
2.845896
2.899719
3.108284
3.102801
2.940964
3.013512
3.052576
3.108382
2.99677
3.448797
3.627375
3.309282
3.465539
2.673096
2.70658
2.360584
1.395144
1.501175
1.311436
1.813688
1.813688
2.120619
3.409733
2.907481
1.54582
3.459958
4.570493
4.263561
4.107305
4.458881
4.380753
5.329452
5.731253
4.297044
5.329452
7.05943
7.05385
5.580577
5.859606
6.975721
10.491485
10.882126
12.56746
11.652245
11.367637
12.411203
12.500493
13.064132
13.839831
12.913268
14.222373
14.297795
11.992047
13.004852
13.624388
14.023046
15.073561
15.547641
16.501184
17.007587
17.492443
18.214336
19.307949
19.264851
19.491117
18.273594
19.620409
19.24869
19.103233
18.278982
18.397503
18.242632
18.624598
16.052702
16.470316
18.02364
17.112017
15.848988
17.213875
18.156055
19.210278
19.14407
19.434362
20.121899
20.768692
19.689005
20.203384
20.259405
22.052094
22.673424
22.235437
23.091038
23.895708
22.642864
22.16923
21.461321
21.863657
22.551193
22.917881
22.271086
22.250715
22.451767
21.727839
23.290525
23.215635
22.776285
22.326952
22.701399
22.970997
22.701399
23.010939
23.065859
23.265562
23.400362
23.545149
23.340452
23.510201
23.060865
22.641485
22.202137
22.681427
20.859123
21.528133
21.027164
22.376654
22.773846
22.572857
22.376654
22.170881
22.0991
22.45322
21.438711
21.692339
21.36693
21.132444
21.012808
20.52948
20.505552
20.658686
20.31892
20.314137
20.347633
20.309349
21.055878
19.916945
19.380978
19.266127
19.007715
18.639236
19.093853
18.945503
18.926361
18.419107
18.699047
19.08353
18.333317
18.0051
18.900667
18.506805
17.972279
18.445848
18.028543
18.497427
17.930079
17.812859
18.019167
18.933489
18.309874
17.826923
17.390863
17.76128
18.0473
18.628714
18.286428
17.465885
17.343199
17.868206
17.253454
17.365635
16.616264
16.571392
16.252798
16.396391
15.970102
15.166885
15.382273
15.463043
15.314965
14.848291
14.933548
14.780982
14.866241
14.843804
14.597005
14.134819
14.381618
14.525209
14.911112
14.964959
15.391247
16.068823
15.516891
14.924573
14.825855
15.265605
15.503428
15.319451
15.341887
15.64702
15.095089
15.364325
15.498941
15.7951
15.171373
14.879702
15.099577
15.413683
15.364325
16.046385
15.593174
15.817535
15.911767
16.378441
16.198952
16.109207
16.620752
16.711077
16.539902
16.347328
16.651165
16.428637
16.561298
16.022093
15.247521
15.097741
15.388741
15.743932
15.517122
15.2518
14.147714
14.408756
13.831038
13.569993
13.972259
13.843875
13.664141
13.450171
13.552876
13.809641
13.668421
13.390259
13.433053
13.356023
13.231921
12.945201
12.791142
12.812539
13.004167
12.628806
12.420272
12.499515
12.820657
12.887387
13.266919
13.471282
13.721523
13.425405
13.346162
12.799804
12.512027
12.478662
12.753926
12.908241
12.678854
12.96246
13.066727
12.595441
12.595441
12.499477
13.509217
13.461886
14.021976
13.737988
13.528939
13.43822
13.72221
13.66699
13.556549
13.031958
12.590197
12.302263
11.328021
11.304356
11.316189
10.905981
10.925703
11.055865
11.130806
11.229414
11.217581
11.193915
11.817114
11.182082
11.296467
11.16236
10.539162
10.424777
10.732432
11.118974
10.995569
11.445703
11.826585
11.272574
11.757334
11.168697
11.141767
11.845821
11.741944
11.845821
11.545732
10.764731
10.987874
10.476184
10.387696
10.068371
9.883701
9.141173
8.59101
8.117793
9.083464
8.210128
7.856176
8.617941
9.132439
9.523266
9.555535
9.447968
9.365501
10.000146
10.340775
10.53081
9.985804
10.369459
10.107713
11.5025
12.352278
12.951067
11.853885
12.947482
12.438331
12.915212
12.868599
12.373791
11.126015
11.115257
11.050717
11.975794
12.459845
12.782546
13.087319
12.743105
13.089666
13.30079
13.758224
13.286715
12.632232
13.93416
14.092503
13.726555
14.064354
14.922923
15.482401
15.640743
15.95391
16.186146
16.907484
16.326897
15.658337
15.024966
14.736431
14.602718
14.813842
15.165714
14.6555
14.84903
14.82665
14.561584
14.833447
14.768879
14.799463
14.272732
14.595568
14.935394
15.088317
14.605762
14.23875
14.442645
14.25574
