4.6
4.27
4.57
4.66
4.75
4.86
5.42
5.46
5.17
4.92
5.09
4.76
5.1
4.98
4.92
4.4
4.61
5.43
6.48
6.06
6.96
7.36
6.75
6.06
6.23
6.77
7.3
6.67
5.97
6.25
6.37
6.85
6.7
6.58
6.3
7.04
6.96
7
7.37
7.55
7.53
8.16
8.87
9.11
8.68
8.63
9.23
9.19
9.34
9.31
9.64
9.68
10.13
10.09
10.21
9.8
9.63
9.85
10.19
9.77
10.3
9.96
10.7
10.69
10.66
10.88
11.24
10.73
11.37
11.51
11.06
11.14
10.94
10.64
10.98
11.13
10.95
10.38
10.74
10.5
10.25
10.41
10.23
10.63
10.57
11.24
11.29
12.33
11.97
11.59
10.86
11.36
11.03
11.14
11.93
12.31
12.21
11.64
12.57
12.34
11.63
11.79
11.9
12.43
11.81
11.05
11.37
11.75
11.84
11.89
11.46
11.38
12.04
11.86
11.61
11.65
11.72
12.38
10.92
10.75
11.42
11.2
11.44
11.58
11.41
11.57
11.25
10.84
10.95
11.21
10.17
10.24
10.15
10.45
10.19
9.86
9.95
10.97
10.96
11.94
11.51
11.22
11.13
11.14
11.98
11.97
11.28
11.22
10.73
10.35
10.96
10.7
10.7
10.63
10.35
10.85
11.94
12.11
12.04
12.03
11.78
11.49
11.51
10.55
10.33
10.8
10.75
10.24
9.95
10.19
10.22
9.23
8.34
8.41
8.86
9.88
10.29
10.23
10.01
10.33
9.27
9.03
9.12
8.53
8.83
8.42
8.43
8.95
9.28
9.19
9.49
10.63
10.65
10.8
10.79
11.68
11.47
11.62
10.85
10.41
10.25
9.72
9.64
9.51
9.46
8.9
8.5
8.93
8.93
8.94
8.64
8.46
8.32
8.91
9.01
7.86
7.19
7.09
7.29
7.04
6.81
6.91
6.39
6.47
6.27
6.8
7.62
7.83
6.98
6.18
6.52
6.27
7.33
7.88
7.95
7.65
7.86
8.01
8.84
8.97
8.99
8.24
8.83
9.04
8.85
8.77
9.09
8.71
8.59
7.36
6.29
6.37
6.47
6.28
6.93
6.75
5.74
6.51
7.25
7.44
8.49
7.87
7.76
7.32
7.13
7.11
7.77
6.78
7.93
7.21
6.81
8.64
9.87
11.55
12
11.31
11.97
12.86
11.4
13.02
13.26
13.65
13.81
13.55
13.85
13.87
13.95
13.82
14.01
14.12
13.59
13.45
13.24
13.82
14.34
14.69
15.69
14.18
14.13
13.42
14.31
13.61
12.46
12.32
12.59
11.91
13.32
13.13
12.07
13.4
13.48
14.69
14.38
14.48
14.8
15.18
15.16
15.61
14.94
14.91
14.55
13.68
14.11
14.6
16.57
15.76
14.24
13.21
13.56
12.14
13.55
13.87
12.43
12.39
13.4
13.08
13.76
13.27
16.35
17.299999
15.05
13.72
13.77
13.61
13.14
12.89
12.12
11.54
10.73
10
10.27
10.21
10.86
12.13
11.37
9.39
9.49
9.77
10.02
11.49
11.48
11.99
12.56
12.41
13.65
15.33
15.46
15.52
14.91
16.59
18.389999
18.530001
18.48
18.74
16.15
15.69
16.02
14.82
13.93
12.65
11.66
12.23
12.78
12.24
13.34
12
12.68
12.91
12.04
14.85
13.34
9.99
9.82
8.76
9.42
7.48
6.72
6.22
5.42
6.22
5.54
6.27
7.11
6
3.51
10.85
16.16
15.88
12.97
12.7
16.860001
19.459999
17.58
14.57
15.37
19.280001
22.200001
20.6
23.6
29
66
79.800003
85.199997
86.400002
80
85.268288
80.390244
86.048782
93.073174
85.268288
85.268288
79.219513
74.731712
83.902443
84.878052
88.585373
92.097557
96.390244
92.878052
98.712883
107.780083
117.873779
125.91452
120.782135
132.75769
121.466454
127.454224
116.50515
113.767876
116.676216
115.991905
122.384392
122.705597
113.390259
115.960014
127.523888
124.632912
120.457069
131.217896
134.590714
143.745453
144.387878
143.906052
160.609421
154.827499
141.657516
143.42421
137.160461
165.748932
174.100632
168.639908
